10100000001010100000000000000110 00011000011011100000000010100111
10000010000000000001010101011100 01111111100000000000000000000000
10000001010100000000000000000000 00000000110100000000000010010000
10000001011000000000000000000010 00000001011000000000001000100101
01100000011111111111111111111110 01100000011111111111111111111111
01110101010101010111111111010001 00111011110101010000100010000110
11111111100000000000000000000000 00000000000000000000000001011011
11111111101011000000000100101000 01011110010000000001000011111000
11111111100000000000000000000000 01111111100000000000000000000000
01111111011111111011111110101111 01111111011111011111011011111111
10000001010100000000001000000000 00000000110100000000010010010000
10000001010100000000000100010000 00000000110100000001000010010000
10000001010100000000000100010000 00000000110100000100100010010000
00000000010000000000000000000000 00000000010000000000000000010000